-561
0
-329
-1133
229
-1860
768
-1975
933
-1568
549
-943
-266
-448
-1161
-263
-1714
-321
-1644
-366
-947
-136
116
441
1154
1168
1833
1655
2028
1530
1848
674
1547
-673
1370
-1987
1432
-2689
1671
-2428
1907
-1271
1956
323
1724
1706
1237
2336
603
2024
-63
994
-696
-255
-1268
-1223
-1748
-1637
-2057
-1569
-2066
-1343
-1659
-1318
-834
-1663
232
-2249
1210
-2727
1732
-2725
1571
-2078
772
-944
-333
252
-1258
1027
-1587
1079
-1179
447
-256
-505
695
-1272
1167
-1458
882
-972
-52
-72
-1185
779
-1947
1142
-1931
823
-1115
-45
121
-1078
1176
-1841
1519
-2066
956
-1770
-269
-1227
-1599
-803
-2427
-753
-2390
-1086
-1537
-1557
-294
-1797
751
-1515
1127
-653
686
565
-349
1729
-1521
2427
-2352
2434
-2561
1818
-2145
905
-1325
129
-401
-162
398
135
996
854
1431
1636
1766
2112
1996
2073
2022
1572
1714
890
1010
403
6
394
-1047
909
-1834
1723
-2121
2435
-1871
2647
-1280
2160
-692
1078
-443
-220
-702
-1234
-1391
-1568
-2212
-1107
-2786
-83
-2819
1022
-2228
1696
-1173
1623
15
834
976
-301
1453
-1250
1382
-1560
896
-1077
255
-18
-259
1124
-436
1821
-197
1756
393
982
1160
-100
1872
-930
2312
-1050
2334
-326
1913
988
1152
2374
262
3283
-500
3392
-921
2741
-899
1702
-496
797
89
447
592
786
794
1610
606
2488
110
2965
-484
2765
-933
1897
-1075
633
-897
-630
-544
-1543
-244
-1929
-204
-1822
-515
-1411
-1117
-930
-1826
-557
-2429
-358
-2766
-291
-2796
-255
-2588
-144
-2272
113
-1960
535
-1694
1088
-1441
1689
-1126
2217
-696
2524
-163
2470
377
1975
787
1066
937
-96
759
-1243
277
-2075
-413
-2363
-1173
-2042
-1867
-1235
-2391
-209
-2674
732
-2676
1368
-2374
1629
-1776
1601
-941
1453
1
1337
853
1317
1384
1352
1404
1351
845
1250
-182
1073
-1395
931
-2409
962
-2867
1240
-2572
1713
-1576
2197
-179
2456
1163
2305
2002
1710
2060
811
1339
-130
126
-843
-1112
-1156
-1898
-1065
-1915
-712
-1125
-311
235
-43
1741
15
2940
-94
3503
-260
3318
-368
2492
-360
1283
-253
-10
-113
-1146
-12
-1985
1
-2492
-82
-2692
-258
-2637
-518
-2380
-860
-1984
-1265
-1533
-1678
-1139
-1993
-912
-2081
-922
-1851
-1152
-1314
-1490
-610
-1760
14
-1793
304
-1499
107
-906
-541
-151
-1404
585
-2127
1161
-2377
1518
-1989
1694
-1042
1764
168
1777
1248
1705
1859
1459
1858
954
1337
196
574
-668
-96
-1376
-415
-1641
-293
-1294
178
-380
789
830
1306
1941
1560
2591
1490
2622
1138
2144
609
1485
29
1035
-484
1052
-828
1532
-917
2209
-696
2674
-160
2579
616
1803
1470
522
2173
-858
2497
-1885
2291
-2249
1558
-1911
468
-1103
-683
-210
-1566
399
-1935
531
-1707
216
-984
-332
-10
-849
928
-1142
1604
-1171
1912
-1043
1893
-934
1681
-981
1436
-1209
1275
-1514
1235
-1709
1279
-1611
1330
-1120
1313
-270
1191
781
968
1795
674
2526
343
2792
0
2526
-343
1795
-674
781
-968
-270
-1191
-1121
-1313
-1611
-1330
-1709
-1280
-1514
-1235
-1209
-1275
-981
-1436
-934
-1681
-1044
-1893
-1171
-1913
-1142
-1603
-849
-929
-332
10
216
984
531
1707
399
1935
-210
1566
-1103
682
-1912
-468
-2250
-1558
-1885
-2291
-858
-2496
522
-2174
1802
-1470
2579
-616
2674
160
2209
696
1532
917
1052
828
1035
484
1485
-29
2144
-609
2622
-1138
2591
-1490
1941
-1560
830
-1306
-380
-789
-1294
-178
-1641
293
-1376
414
-669
96
196
-574
954
-1337
1459
-1858
1705
-1859
1777
-1248
1765
-169
1694
1042
1518
1990
1161
2377
585
2127
-151
1404
-906
541
-1498
-107
-1793
-304
-1760
-14
-1490
610
-1152
1314
-922
1851
-912
2081
-1139
1993
-1533
1678
-1984
1265
-2380
860
-2637
519
-2692
258
-2492
82
-1986
-1
-1146
12
-10
113
1283
253
2492
360
3318
367
3503
260
2940
94
1741
-15
235
43
-1124
311
-1916
712
-1898
1065
-1112
1156
125
843
1339
130
2060
-811
2002
-1710
1163
-2305
-179
-2455
-1576
-2197
-2572
-1713
-2867
-1240
-2409
-962
-1395
-931
-182
-1073
845
-1250
1404
-1351
1384
-1352
853
-1317
0
-1337
-941
-1453
-1776
-1601
-2374
-1629
-2675
-1368
-2674
-732
-2390
209
-1867
1235
-1172
2042
-412
2363
277
2074
759
1243
937
96
787
-1066
377
-1975
-163
-2470
-696
-2524
-1126
-2217
-1441
-1689
-1694
-1088
-1960
-535
-2272
-113
-2588
144
-2795
255
-2766
291
-2429
358
-1826
557
-1117
930
-515
1411
-203
1822
-243
1929
-544
1543
-897
630
-1075
-633
-933
-1897
-484
-2765
110
-2965
606
-2488
794
-1610
592
-786
89
-448
-496
-797
-899
-1702
-921
-2741
-501
-3392
262
-3283
1152
-2374
1913
-988
2335
326
2312
1050
1873
929
1160
100
394
-982
-196
-1756
-436
-1821
-259
-1124
255
18
896
1076
1383
1560
1453
1250
976
301
15
-834
-1173
-1623
-2228
-1696
-2819
-1022
-2786
83
-2212
1107
-1391
1567
-702
1234
-443
220
-692
-1078
-1280
-2160
-1871
-2648
-2121
-2435
-1834
-1723
-1047
-909
6
-394
1010
-403
1714
-890
2022
-1572
1996
-2074
1766
-2112
1431
-1637
997
-854
399
-135
-401
162
-1325
-129
-2145
-905
-2561
-1818
-2352
-2434
-1521
-2427
-349
-1729
686
-565
1127
653
751
1515
-293
1797
-1537
1557
-2390
1086
-2427
753
-1599
803
-269
1227
956
1770
1519
2065
1176
1841
121
1078
-1115
46
-1931
-822
-1946
-1142
-1185
-778
-52
72
882
973
1167
1458
695
1272
-257
505
-1179
-446
-1587
-1079
-1258
-1027
-333
-252
772
944
1571
2078
1733
2725
1210
2727
233
2249
-834
1663
-1658
1318
-2065
1343
-2056
1569
-1747
1637
-1267
1222
-696
255
-63
-995
603
-2024
1237
-2335
1724
-1706
1956
-324
1907
1270
1671
2428
1433
2688
1371
1987
1547
673
1848
-675
2029
-1531
1833
-1655
1153
-1168
116
-442
-947
136
-1644
365
-1714
321
-1161
263
-266
447
550
943
933
1567
769
1975
229
1859
-328
1131
