-187
0
6
1243
455
2071
845
2258
852
1879
334
1228
-523
645
-1496
330
-2022
239
-1882
148
-1078
-171
109
-778
1275
-1467
2067
-1865
2338
-1628
2181
-658
1837
791
1556
2178
1467
2923
1532
2678
1611
1503
1548
-146
1271
-1616
817
-2361
286
-2171
-226
-1246
-675
-53
-1062
919
-1390
1404
-1603
1454
-1591
1361
-1246
1454
-556
1871
327
2476
1106
2919
1454
2845
1176
2107
339
876
-729
-409
-1554
-1256
-1744
-1351
-1187
-727
-126
265
942
1119
1496
1435
1253
1097
313
332
-880
-431
-1754
-778
-1893
-522
-1245
216
-158
1078
803
1667
1129
1750
634
1368
-460
805
-1627
424
-2299
473
-2099
939
-1237
1566
4
1961
1002
1819
1302
1057
776
-123
-341
-1321
-1582
-2129
-2468
-2307
-2711
-1892
-2301
-1172
-1462
-540
-443
-312
374
-581
1039
-1187
1525
-1795
1883
-2069
2101
-1841
2087
-1189
1723
-417
964
94
-83
62
-1157
-551
-1942
-1509
-2203
-2393
-1911
-2785
-1263
-2464
-610
-1505
-294
-263
-497
779
-1152
1222
-1978
939
-2601
127
-2726
-777
-2255
-1300
-1324
-1154
-237
-380
671
663
1156
1470
1160
1621
796
989
304
-186
-65
-1405
-132
-2138
162
-2071
741
-1259
1428
-105
2012
828
2291
1074
2152
482
1592
-718
740
-2031
-179
-2927
-906
-3083
-1230
-2528
-1069
-1609
-500
-816
252
-548
903
-920
1213
-1736
1076
-2575
564
-3003
-115
-2760
-713
-1869
-995
-598
-1063
657
-888
1553
-709
1922
-711
1802
-975
1384
-1448
904
-1972
538
-2362
354
-2496
308
-2360
300
-2051
218
-1660
-18
-1442
-430
-1293
-989
-1207
-1616
-1087
-2187
-851
-2550
-487
-2558
-62
-2119
302
-1251
480
-100
404
1070
75
1962
-432
2344
-1008
2138
-1548
1443
-1966
504
-2205
-396
-2229
-1049
-2007
-1384
-1539
-1476
-858
-1471
-72
-1496
643
-1592
1079
-1700
1059
-1715
522
-1573
-433
-1300
-1539
-1019
-2435
-884
-2785
-992
-2413
-1315
-1377
-1701
22
-1932
1342
-1831
2147
-1363
2174
-646
1428
91
194
605
-1064
762
-1880
578
-1941
207
-1206
-141
91
-293
1541
-192
2705
96
3262
439
3103
698
2336
794
1205
728
1
560
-1045
367
-1804
207
-2202
117
-2412
112
-2348
212
-2116
436
-1776
781
-1406
1195
-1107
1575
-982
1783
-1079
1711
-1372
1349
-1740
808
-2005
311
-1951
93
-1636
294
-951
880
-96
1631
740
2212
1402
2321
1817
1812
2009
780
2049
-474
1983
-1558
1795
-2143
1417
-2092
783
-1500
-81
-655
-1012
111
-1741
527
-1984
498
-1575
99
-571
-467
752
-979
1987
-1269
2763
-1271
2901
-1020
2496
-605
1859
-137
1367
276
1279
549
1605
602
2109
390
2412
-96
2197
-786
1363
-1528
93
-2110
-1218
-2319
-2134
-2028
-2367
-1246
-1893
-148
-960
972
39
1791
728
2075
905
1752
597
934
11
-130
-587
-1143
-996
-1870
-1162
-2200
-1170
-2169
-1174
-1906
-1295
-1574
-1549
-1298
-1828
-1131
-1957
-1054
-1717
-1006
-1166
-932
-210
-801
934
-620
2019
-412
2795
-204
3076
0
2795
203
2020
413
933
619
-211
800
-1166
931
-1718
1006
-1957
1053
-1828
1131
-1549
1298
-1295
1572
-1174
1905
-1170
2169
-1162
2200
-996
1868
-587
1142
11
128
597
-934
904
-1753
728
-2076
37
-1792
-960
-972
-1894
147
-2368
1244
-2135
2027
-1219
2320
93
2109
1363
1527
2197
785
2411
95
2107
-390
1606
-605
1278
-549
1367
-277
1859
138
2496
604
2900
1019
2762
1270
1987
1266
752
978
-572
467
-1575
-101
-1983
-498
-1742
-527
-1012
-112
-81
653
783
1500
1417
2091
1795
2142
1983
1558
2048
474
2010
-781
1817
-1813
1404
-2322
742
-2213
-98
-1631
-952
-882
-1635
-296
-1952
-94
-2005
-313
-1740
-810
-1372
-1349
-1080
-1713
-981
-1784
-1108
-1576
-1406
-1196
-1776
-781
-2116
-438
-2349
-214
-2412
-114
-2202
-117
-1804
-208
-1045
-368
1
-561
1205
-729
2334
-794
3103
-698
3261
-441
2704
-98
1539
192
90
291
-1208
139
-1942
-207
-1879
-579
-1066
-763
194
-606
1426
-91
2174
644
2147
1363
1341
1831
22
1930
-1379
1700
-2414
1314
-2787
989
-2435
882
-1540
1019
-434
1300
520
1572
1060
1715
1078
1698
641
1591
-74
1496
-858
1469
-1539
1475
-2009
1382
-2229
1046
-2205
395
-1967
-506
-1548
-1445
-1010
-2140
-433
-2345
75
-1964
404
-1071
480
98
300
1248
-63
2118
-488
2557
-851
2548
-1088
2186
-1208
1614
-1294
988
-1443
428
-1660
16
-2051
-219
-2361
-302
-2497
-310
-2363
-355
-1973
-540
-1448
-904
-976
-1386
-710
-1804
-709
-1923
-888
-1555
-1065
-658
-996
597
-713
1867
-116
2759
563
3002
1075
2575
1213
1735
902
919
250
546
-502
816
-1069
1608
-1230
2526
-906
3082
-180
2925
739
2031
1591
717
2150
-484
2291
-1075
2012
-829
1428
104
739
1257
161
2069
-134
2136
-68
1404
303
185
797
-991
1160
-1623
1155
-1472
669
-666
-239
378
-1327
1153
-2256
1298
-2727
775
-2602
-129
-1978
-941
-1153
-1224
-497
-781
-294
261
-611
1503
-1264
2461
-1912
2783
-2205
2390
-1944
1506
-1158
549
-84
-64
963
-95
1722
416
2087
1188
2101
1838
1883
2068
1525
1792
1039
1185
375
580
-443
311
-1462
538
-2302
1170
-2712
1891
-2468
2304
-1582
2126
-342
1319
776
120
1302
-1059
1001
-1821
3
-1964
-1237
-1566
-2099
-940
-2299
-474
-1628
-427
-460
-806
633
-1370
1129
-1751
801
-1669
-158
-1079
-1247
-217
-1894
520
-1755
777
-882
429
310
-333
1251
-1098
1495
-1436
941
-1121
-127
-267
-1189
725
-1745
1349
-1555
1254
-730
407
337
-879
1175
-2109
1453
-2848
1104
-2922
325
-2478
-557
-1873
-1247
-1456
-1592
-1364
-1605
-1454
-1392
-1406
-1064
-922
-675
50
-228
1244
284
2169
815
2358
1270
1614
1546
142
1609
-1505
1532
-2681
1464
-2927
1555
-2182
1836
-794
2180
653
2337
1624
2066
1862
1274
1462
109
771
-1080
166
-1883
-154
-2024
-244
-1496
-334
-523
-651
335
-1232
854
-1885
847
-2267
457
-2077
8
-1250
0
0
0
0
0
0
0
0
cnm