-189
0
9
1282
472
2135
873
2327
879
1936
346
1264
-584
665
-1536
342
-2079
248
-1933
155
-1107
-173
114
-796
1313
-1505
2127
-1916
2406
-1671
2244
-672
1891
816
1601
2242
1509
3009
1577
2756
1657
1546
1592
-147
1308
-1660
840
-2425
294
-2231
-231
-1279
-692
-52
-1091
947
-1428
1445
-1647
1496
-1635
1402
-1280
1496
-571
1926
336
2548
1137
3005
1495
2929
1210
2168
348
903
-749
-419
-1598
-1289
-1793
-1388
-1220
-746
-128
273
969
1152
1539
1476
1288
1129
321
342
-905
-441
-1804
-799
-1946
-535
-1280
223
-161
1110
825
1716
1161
1801
652
1408
-472
829
-1672
438
-2362
486
-2206
967
-1271
1610
4
2019
1030
1872
1340
1088
799
-124
-349
-1357
-1626
-2188
-2537
-2371
-2787
-1945
-2367
-1204
-1502
-554
-503
-319
385
-597
1069
-1219
1569
-1844
1937
-2127
2162
-1891
2148
-1222
1773
-427
991
97
-84
65
-1189
-565
-1996
-1549
-2266
-2458
-1965
-2863
-1298
-2532
-626
-1546
-301
-268
-509
801
-1184
1258
-2033
967
-2674
131
-2803
-798
-2319
-1335
-1362
-1185
-243
-389
690
683
1190
1513
1193
1667
820
1018
313
-189
-67
-1443
-136
-2197
166
-2128
761
-1293
1470
-106
2069
852
2356
1105
2213
497
1637
-738
762
-2088
-183
-3009
-931
-3169
-1265
-2598
-1099
-1653
-514
-838
259
-561
929
-945
1247
-1784
1107
-2647
580
-3087
-119
-2838
-732
-1920
-1071
-614
-1094
675
-912
1598
-728
1977
-729
1854
-1001
1424
-1489
930
-2028
554
-2429
364
-2566
319
-2427
310
-2108
224
-1755
-16
-1483
-440
-1329
-1015
-1241
-1660
-1117
-2248
-874
-2621
-500
-2629
-63
-2178
310
-1284
495
-101
415
1101
78
2019
-443
2412
-1037
2199
-1591
1485
-2021
520
-2267
-406
-2291
-1077
-2064
-1422
-1581
-1516
-882
-1511
-74
-1538
661
-1636
1110
-1747
1090
-1763
536
-1617
-445
-1336
-1583
-1047
-2503
-907
-2864
-1018
-2481
-1352
-1417
-1748
22
-1985
1380
-1883
2209
-1401
2235
-663
1468
93
200
623
-1094
784
-1932
594
-1996
213
-1241
-143
93
-300
1585
-197
2781
100
3355
452
3193
718
2402
817
1240
749
1
576
-1074
377
-1855
214
-2312
120
-2480
116
-2415
219
-2176
449
-1825
803
-1445
1230
-1139
1620
-1008
1834
-1109
1760
-1410
1387
-1789
832
-2061
321
-2054
96
-1680
303
-979
906
-98
1677
762
2276
1442
2387
1869
1864
2066
803
2107
-487
2039
-1602
1847
-2203
1457
-2150
805
-1543
-82
-672
-1040
114
-1790
542
-2039
512
-1620
103
-587
-479
773
-1006
2043
-1303
2840
-1307
2983
-1048
2567
-621
1912
-141
1406
284
1315
564
1652
621
2169
401
2481
-98
2260
-807
1402
-1570
96
-2168
-1252
-2385
-2195
-2084
-2433
-1279
-1947
-151
-987
999
39
1842
748
2134
931
1802
614
960
11
-132
-603
-1174
-1023
-1921
-1194
-2262
-1203
-2230
-1207
-1959
-1331
-1617
-1591
-1334
-1879
-1163
-2012
-1083
-1813
-1034
-1199
-958
-215
-823
961
-637
2077
-424
2875
-209
3164
0
2875
209
2077
424
961
636
-215
823
-1199
958
-1814
1034
-2012
1083
-1879
1162
-1591
1334
-1331
1617
-1207
1959
-1203
2230
-1194
2263
-1024
1921
-603
1173
11
132
614
-961
931
-1802
748
-2135
39
-1842
-987
-999
-1947
151
-2433
1280
-2195
2084
-1252
2385
95
2168
1402
1570
2260
807
2481
98
2169
-401
1652
-621
1315
-564
1406
-284
1912
141
2567
621
2983
1048
2840
1307
2043
1303
773
1006
-587
479
-1620
-103
-2039
-512
-1790
-543
-1041
-114
-82
671
805
1543
1457
2150
1847
2203
2039
1601
2107
487
2067
-803
1869
-1864
1442
-2387
762
-2276
-98
-1677
-979
-906
-1680
-303
-2054
-96
-2061
-321
-1789
-832
-1410
-1387
-1109
-1760
-1008
-1834
-1139
-1620
-1445
-1230
-1825
-803
-2176
-449
-2415
-220
-2480
-116
-2312
-120
-1855
-214
-1074
-377
2
-576
1240
-749
2402
-816
3192
-718
3354
-452
2781
-100
1584
197
93
300
-1241
143
-1996
-213
-1933
-595
-1094
-785
200
-623
1468
-93
2235
663
2209
1401
1380
1883
22
1985
-1417
1748
-2481
1351
-2864
1018
-2503
907
-1582
1047
-445
1336
536
1617
1090
1763
1110
1747
661
1636
-74
1538
-882
1511
-1581
1516
-2064
1422
-2290
1077
-2267
406
-2020
-520
-1591
-1485
-1036
-2199
-443
-2412
78
-2019
415
-1101
494
101
310
1284
-63
2178
-500
2629
-874
2622
-1117
2248
-1240
1660
-1329
1015
-1483
440
-1754
16
-2108
-224
-2427
-310
-2566
-319
-2429
-364
-2028
-554
-1489
-930
-1001
-1424
-729
-1854
-727
-1977
-912
-1598
-1094
-676
-1071
614
-732
1920
-118
2838
580
3087
1107
2647
1247
1784
929
945
259
561
-514
838
-1099
1653
-1265
2598
-931
3169
-183
3009
762
2088
1638
738
2213
-496
2357
-1105
2069
-852
1470
106
761
1293
166
2128
-136
2197
-68
1443
313
189
820
-1018
1193
-1668
1190
-1513
689
-684
-243
389
-1362
1185
-2319
1335
-2803
798
-2675
-131
-2033
-967
-1184
-1258
-510
-801
-301
268
-626
1545
-1298
2532
-1965
2863
-2266
2458
-1996
1549
-1189
565
-84
-65
991
-97
1773
427
2148
1222
2162
1892
1937
2127
1569
1844
1069
1219
386
597
-503
319
-1502
554
-2367
1204
-2787
1944
-2537
2370
-1626
2187
-349
1357
799
124
1340
-1088
1030
-1872
5
-2019
-1271
-1610
-2206
-967
-2362
-486
-1672
-438
-472
-829
652
-1408
1161
-1800
825
-1716
-161
-1110
-1280
-223
-1945
534
-1804
798
-905
441
321
-342
1288
-1129
1538
-1476
968
-1152
-129
-273
-1220
746
-1793
1388
-1598
1289
-749
419
348
-903
1210
-2168
1495
-2928
1137
-3005
336
-2548
-571
-1926
-1280
-1496
-1635
-1402
-1648
-1496
-1428
-1445
-1092
-948
-692
52
-231
1279
294
2231
840
2425
1307
1659
1591
148
1657
-1546
1577
-2755
1508
-3009
1601
-2242
1891
-816
2244
672
2406
1671
2127
1915
1312
1505
114
795
-1108
173
-1934
-156
-2079
-249
-1536
-342
-584
-666
345
-1264
879
-1936
872
-2328
472
-2135
9
-1284
0
