65
-33
44
17
0
45
-47
38
-73
5
-68
-30
-38
-45
-7
-28
-1
14
-34
56
-98
68
-165
33
-201
-43
-183
-130
-116
-191
-27
-200
42
-154
66
-81
37
-17
-21
7
-77
-15
-99
-68
-80
-120
-33
-144
13
-132
35
-95
25
-59
-6
-45
-37
-62
-46
-101
-25
-140
19
-160
71
-151
109
-117
124
-70
113
-27
86
0
57
6
36
-4
32
-20
43
-31
62
-29
79
-9
83
21
67
53
36
74
0
76
-29
59
-42
35
-37
15
-25
11
-18
23
-29
42
-57
53
-93
45
-125
18
-141
-21
-141
-61
-128
-96
-111
-123
-92
-149
-66
-177
-26
-203
30
-214
96
-198
151
-149
176
-76
159
-1
107
49
40
61
-16
33
-41
-18
-31
-72
5
-108
55
-120
105
-109
147
-77
178
-29
190
33
174
105
123
169
41
204
-51
193
-126
133
-152
43
-121
-40
-49
-82
27
-66
71
-5
62
66
9
112
-55
113
-100
78
-110
35
-97
11
-88
12
-104
21
-141
8
-174
-43
-166
-124
-101
-194
6
-212
109
-154
154
-39
113
82
1
150
-128
130
-214
31
-216
-95
-141
-190
-31
-212
56
-162
84
-79
52
-11
-5
8
-48
-14
-55
-52
-33
-70
-12
-57
-22
-27
-67
-17
-120
-51
-142
-130
-105
-220
-9
-275
107
-262
195
-180
216
-64
164
32
72
71
-13
43
-50
-28
-28
-99
34
-132
101
-114
139
-59
136
4
99
50
50
66
10
56
-13
35
-24
14
-29
-2
-32
-18
-31
-36
-20
-55
0
-68
25
-65
43
-48
45
-23
30
-5
7
-4
-6
-20
-2
-43
19
-55
46
-45
61
-15
51
21
17
45
-27
43
-63
14
-76
-29
-62
-70
-32
-96
1
-100
27
-90
41
-75
47
-62
52
-54
58
-46
65
-33
68
-16
64
4
52
22
32
35
9
41
-15
40
-43
30
-69
7
-86
-30
-82
-79
-50
-125
7
-147
71
-130
114
-75
112
-2
60
53
-21
59
-90
4
-106
-90
-53
-180
54
-216
165
-175
228
-69
211
52
121
135
4
141
-84
74
-105
-27
-59
-109
19
-136
83
-108
103
-55
81
-21
49
-27
46
-64
87
-95
155
-86
209
-24
213
66
157
141
71
161
3
123
-10
58
31
15
92
31
119
102
78
186
-21
226
-134
186
-197
79
-173
-43
-76
-116
40
-101
109
-8
89
105
-8
172
-131
151
-210
49
-202
-82
-111
-179
17
-197
124
-134
169
-28
146
71
83
130
16
146
-31
136
-62
125
-92
120
-135
112
-187
81
-227
19
-232
-64
-191
-140
-118
-181
-45
-173
-3
-132
-2
-88
-31
-71
-59
-92
-57
-139
-15
-182
55
-192
126
-156
168
-84
164
0
117
68
42
100
-35
88
-93
38
-115
-35
-93
-109
-31
-161
52
-170
130
-126
171
-40
152
59
72
131
-41
141
-142
76
-186
-41
-148
-167
-39
-248
96
-248
206
-170
248
-47
215
69
129
139
33
147
-37
106
-66
47
-58
-1
-36
-26
-18
-31
-12
-30
-14
-37
-12
-53
2
-73
31
-86
68
-83
104
-62
129
-25
137
23
123
75
85
119
27
142
-37
136
-92
97
-118
37
-109
-24
-72
-65
-27
-75
3
-60
10
-40
1
-36
-2
-54
20
-80
72
-87
131
-53
164
22
143
114
66
180
-37
189
-124
134
-157
43
-128
-38
-63
-75
-1
-58
22
-9
2
34
-40
45
-75
21
-81
-16
-60
-42
-35
-40
-29
-21
-49
-10
-76
-27
-84
-68
-55
-111
0
-124
52
-92
65
-31
27
21
-42
28
-99
-25
-102
-114
-36
-190
72
-205
172
-145
214
-33
180
78
89
142
-10
137
-75
81
-86
11
-57
-33
-20
-41
0
-23
-7
-5
-25
-4
-35
-21
-27
-40
-6
-42
6
-25
-2
-1
-32
8
-67
-7
-85
-46
-75
-89
-45
-116
-12
-120
5
-112
9
-111
15
-126
42
-152
99
-163
171
-134
224
-58
226
46
166
141
61
186
-47
165
-120
90
-134
0
-100
-68
-46
-94
-8
-83
-1
-60
-20
-54
-41
-79
-38
-127
0
-174
65
-197
140
-183
200
-133
229
-62
224
10
191
68
142
104
88
114
40
102
8
73
-3
38
2
7
21
-11
41
-15
54
-10
59
-4
62
-5
73
-11
96
-11
124
6
144
44
142
94
111
140
62
163
13
158
-18
135
-30
113
-32
104
-44
108
-76
108
-119
84
-150
25
-142
-53
-83
-120
9
-140
97
-99
141
-13
119
80
45
135
-42
128
-102
67
-106
-13
-60
-73
7
-87
60
-58
78
-12
63
22
38
28
28
11
45
-8
82
-7
119
23
136
78
122
138
80
186
23
212
-36
214
-91
196
-134
161
-162
114
-168
62
-152
16
-118
-10
-84
-10
-67
10
-79
33
-114
34
-147
-1
-150
-65
-105
-128
-21
-154
69
-120
124
-34
114
69
43
144
-55
157
-134
109
-159
30
-128
-34
-70
-51
-28
-18
-32
35
-85
69
-158
53
-211
-15
-212
-110
-156
-192
-67
-229
23
-215
84
-162
106
-99
98
-48
77
-19
57
-6
46
-1
38
4
30
9
19
9
11
2
12
-9
26
-17
48
-14
70
3
82
35
80
72
62
106
35
135
0
156
-42
169
-92
171
-147
154
-198
115
-232
54
-238
-19
-209
-89
-153
-137
-84
-149
-24
-127
9
-80
9
-29
-20
6
-63
13
-100
-10
-114
-55
-95
-101
-50
-129
5
-125
49
-89
0
